   1.2720
   1.5186
   1.6915
   1.8314
   1.9519
   2.0592
   2.1568
   2.2469
   2.3310
   2.4101
   2.4850
   2.5564
   2.6246
   2.6901
   2.7531
   2.8140
   2.8728
   2.9299
   2.9853
   3.0392
   3.0918
   3.1430
   3.1930
   3.2419
   3.2898
   3.3366
   3.3826
   3.4276
   3.4719
   3.5153
   3.5581
   3.6001
   3.6414
   3.6821
   3.7222
   3.7617
   3.8006
   3.8390
   3.8769
   3.9143
   3.9512
   3.9876
   4.0236
   4.0592
   4.0944
   4.1291
   4.1635
   4.1975
   4.2312
   4.2645
   4.2974
   4.3300
   4.3624
   4.3944
   4.4261
   4.4575
   4.4886
   4.5194
   4.5500
   4.5803
   4.6104
   4.6402
   4.6697
   4.6990
   4.7281
   4.7570
   4.7856
   4.8141
   4.8423
   4.8703
   4.8981
   4.9257
   4.9531
   4.9803
   5.0073
   5.0342
   5.0608
   5.0873
   5.1137
   5.1398
   5.1658
   5.1916
   5.2173
   5.2428
   5.2682
   5.2934
   5.3184
   5.3433
   5.3681
   5.3927
   5.4172
   5.4415
   5.4658
   5.4899
   5.5138
   5.5376
   5.5613
   5.5849
   5.6084
