   1.5246
   1.7851
   1.9708
   2.1226
   2.2540
   2.3715
   2.4787
   2.5779
   2.6707
   2.7581
   2.8410
   2.9200
   2.9956
   3.0683
   3.1382
   3.2058
   3.2712
   3.3347
   3.3963
   3.4563
   3.5148
   3.5718
   3.6275
   3.6820
   3.7353
   3.7876
   3.8388
   3.8890
   3.9384
   3.9869
   4.0345
   4.0814
   4.1275
   4.1729
   4.2177
   4.2618
   4.3052
   4.3481
   4.3904
   4.4322
   4.4734
   4.5141
   4.5543
   4.5941
   4.6334
   4.6722
   4.7107
   4.7487
   4.7863
   4.8235
   4.8603
   4.8968
   4.9330
   4.9687
   5.0042
   5.0393
   5.0741
   5.1086
   5.1428
   5.1767
   5.2103
   5.2436
   5.2767
   5.3095
   5.3420
   5.3743
   5.4063
   5.4381
   5.4697
   5.5010
   5.5321
   5.5630
   5.5937
   5.6241
   5.6544
   5.6844
   5.7143
   5.7439
   5.7734
   5.8027
   5.8317
   5.8606
   5.8894
   5.9179
   5.9463
   5.9745
   6.0026
   6.0304
   6.0582
   6.0857
   6.1131
   6.1404
   6.1675
   6.1945
   6.2213
   6.2480
   6.2745
   6.3009
   6.3272

