net:net_2_2, sc:0.010, pr:1.00, ps:0.0120, time:1.00e+06,stv:0.50,len:2.00e+06
ISI: 17.419     16.356
bo:21, ao:24
GC(od=21(bic))/1.0e-04 | /mean(GC0) | GC(od=zero)/1.0e-04:
  0.00   0.09   |    0.00   0.88   |   0.00  -0.04
  1.97   0.00   |   18.80   0.00   |   1.86   0.00
confidence intervals (non-zero probability) at bic_od:
  0.00 ~ 0.00 (0.00)  0.00 ~ 0.06 (0.38)
  1.54 ~ 2.23 (1.00)  0.00 ~ 0.00 (0.00)
 
bo:34, ao:37
GC(od=34(bic))/1.0e-04 | /mean(GC0) | GC(od=zero)/1.0e-04:
  0.00   0.17   |    0.00   1.03   |   0.00  -0.01
  8.92   0.00   |   52.48   0.00   |   8.72   0.00
confidence intervals (non-zero probability) at bic_od:
  0.00 ~ 0.00 (0.00)  0.00 ~ 0.11 (0.57)
  8.03 ~ 9.51 (1.00)  0.00 ~ 0.00 (0.00)

X = X + kmix*Xs;
Xs: type 1
kmix	GC1(/meanGC0)	GC0(/meanGC0)
Volt:    1.86 (18.80)   -0.04 ( 0.88)
ST:      8.72 (52.48)   -0.01 ( 1.03)  **
-9.00    8.19 (47.97)   -0.01 ( 1.09)
-5.00    7.79 (44.41)   -0.01 ( 1.07)
-2.50    6.95 (39.76)   -0.01 ( 1.07)
-1.50    5.98 (30.96)   -0.00 ( 1.05)
-1.00    4.99 (24.78)    0.00 ( 1.05)
-0.70    4.08 (19.55)    0.01 ( 1.12)
-0.50    3.49 (13.48)    0.04 ( 1.13)
-0.30    4.57 (11.59)    0.11 ( 1.21)
-0.20    9.81 (21.01)    0.26 ( 1.56)
-0.10   25.40 (145.65)   3.06 (17.94)
 0.00    1.68 (21.96)   51.24 (730.03)
 0.10   54.76 (609.69)   6.16 (69.72)
 0.20   51.20 (311.46)   0.52 ( 4.25)
 0.30   35.64 (297.62)   0.26 ( 3.23)
 0.40   27.43 (220.18)   0.15 ( 2.23)
 0.50   22.80 (170.05)   0.10 ( 1.67)  **
 0.60   19.92 (143.37)   0.07 ( 1.62)
 0.70   17.97 (129.48)   0.05 ( 1.50)
 0.80   16.58 (119.57)   0.04 ( 1.41)
 1.00   14.74 (99.33)    0.02 ( 1.26)  **
 1.40   12.79 (86.41)    0.01 ( 1.18)
 2.00   11.45 (75.01)    0.00 ( 1.15)
 5.00    9.75 (62.06)   -0.00 ( 1.09)
 9.00    9.28 (55.74)   -0.01 ( 1.03)

Xs: type 0
kmix	GC1(/meanGC0)	GC0(/meanGC0)
Volt:    1.86 (18.80)   -0.04 ( 0.88)
ST:      8.01 (46.75)   -0.06 ( 0.74)  **
-9.00    7.59 (43.15)   -0.06 ( 0.72)
-5.00    7.26 (41.37)   -0.06 ( 0.72)
-2.50    6.58 (37.60)   -0.06 ( 0.73)
-1.50    5.77 (29.80)   -0.06 ( 0.76)
-1.00    4.90 (24.27)   -0.06 ( 0.76)
-0.70    4.03 (18.15)   -0.05 ( 0.89)
-0.50    3.28 (12.54)   -0.03 ( 0.87)
-0.30    3.23 ( 8.47)   -0.02 ( 0.94)
-0.20    6.19 (13.49)    0.03 ( 1.09)
-0.10   18.58 (106.61)   1.87 (11.22)
 0.00    1.68 (21.96)   51.24 (730.03)
 0.10   42.90 (452.67)   4.85 (52.33)
 0.20   38.90 (236.66)   0.50 ( 4.13)
 0.30   27.78 (222.61)   0.21 ( 2.72)
 0.40   21.89 (168.92)   0.10 ( 1.78)  **
 0.50   18.54 (133.28)   0.05 ( 1.42)
 0.60   16.43 (118.25)   0.02 ( 1.20)
 0.70   15.00 (108.06)  -0.00 ( 1.06)
 0.80   13.98 (100.75)  -0.02 ( 0.98)
 1.00   12.61 (84.99)   -0.03 ( 0.90)  **
 1.40   11.15 (72.85)   -0.05 ( 0.76)
 2.00   10.12 (64.24)   -0.05 ( 0.80)
 5.00    8.81 (52.83)   -0.06 ( 0.72)
 9.00    8.44 (50.70)   -0.06 ( 0.71)


net:net_2_2, sc:0.010, pr:0.24, ps:0.0200, time:1.00e+06,stv:0.50,len:2.00e+06
ISI: 129.75     122.79
bo: 6, ao:23
GC(od=6(bic))/1.0e-04 | /mean(GC0) | GC(od=zero)/1.0e-04:
  0.00   0.04   |    0.00   1.36   |   0.00   0.06
  1.19   0.00   |   39.62   0.00   |   1.27   0.00
confidence intervals (non-zero probability) at bic_od:
  0.00 ~ 0.00 (0.00)  0.00 ~ 0.07 (0.77)
  0.90 ~ 1.44 (1.00)  0.00 ~ 0.00 (0.00)
 
bo:25, ao:65
GC(od=25(bic))/1.0e-04 | /mean(GC0) | GC(od=zero)/1.0e-04:
  0.00   0.16   |   0.00   1.27   |   0.00   0.08
  1.18   0.00   |   9.48   0.00   |   1.05   0.00
confidence intervals (non-zero probability) at bic_od:
  0.00 ~ 0.00 (0.00)  0.00 ~ 0.14 (0.84)
  0.81 ~ 1.34 (1.00)  0.00 ~ 0.00 (0.00)

X = X + kmix*Xs;
Xs: type 1
kmix	GC1(/meanGC0)	GC0(/meanGC0)
Volt:    1.27 (39.62)    0.06 ( 1.36)  **
ST:      1.05 ( 9.48)    0.08 ( 1.27)
-9.00    0.91 ( 7.67)    0.08 ( 1.24)
-5.00    0.83 ( 6.13)    0.08 ( 1.14)
-2.50    0.74 ( 5.07)    0.08 ( 1.07)
-1.50    0.83 ( 5.57)    0.09 ( 1.06)
-1.00    1.25 ( 6.82)    0.08 ( 1.33)
-0.70    2.22 (10.15)    0.08 ( 1.29)
-0.50    4.04 (15.77)    0.09 ( 1.23)
-0.30    8.84 (25.02)    0.11 ( 1.36)
-0.20   12.69 (35.45)    0.18 ( 1.54)  **
-0.10   11.65 (52.85)    0.77 ( 4.22)
 0.00    0.94 (22.95)    2.45 (60.05)
 0.10   10.57 (237.77)   1.33 (29.34)
 0.20   16.85 (376.50)   0.33 ( 8.43)
 0.30   14.51 (323.82)   0.15 ( 4.72)
 0.40   11.31 (283.27)   0.11 ( 4.18)
 0.50    8.90 (222.25)   0.10 ( 3.73)
 0.60    7.21 (239.09)   0.10 ( 3.70)
 0.70    6.02 (198.68)   0.10 ( 3.44)
 0.80    5.16 (169.32)   0.09 ( 3.24)
 1.00    4.04 (130.61)   0.09 ( 2.99)
 1.40    2.90 (107.14)   0.09 ( 2.98)
 2.00    2.18 (76.63)    0.08 ( 2.79)
 5.00    1.41 (43.26)    0.08 ( 2.52)
 9.00    1.23 (12.30)    0.08 ( 1.34)


Xs: type 0
kmix	GC1(/meanGC0)	GC0(/meanGC0)
Volt:    1.27 (39.62)    0.06 ( 1.36)  **
ST:      0.85 ( 7.82)    0.10 ( 1.26)
-9.00    0.76 ( 6.36)    0.10 ( 1.24)
-5.00    0.71 ( 5.28)    0.10 ( 1.20)
-2.50    0.66 ( 4.50)    0.10 ( 1.18)
-1.50    0.74 ( 4.87)    0.11 ( 1.18)
-1.00    1.03 ( 5.62)    0.12 ( 1.42)
-0.70    1.71 ( 7.87)    0.13 ( 1.37)
-0.50    3.00 (11.91)    0.14 ( 1.30)
-0.30    6.65 (19.01)    0.17 ( 1.42)
-0.20   10.15 (28.50)    0.22 ( 1.56)  *
-0.10   11.19 (49.65)    0.70 ( 3.70)
 0.00    0.94 (22.95)    2.45 (60.05)
 0.10   10.14 (228.78)   0.91 (20.53)
 0.20   13.07 (293.72)   0.18 ( 4.91)
 0.30   10.49 (236.17)   0.10 ( 3.10)
 0.40    7.98 (179.84)   0.08 ( 2.69)
 0.50    6.22 (157.54)   0.08 ( 2.69)
 0.60    5.03 (145.32)   0.08 ( 2.83)
 0.70    4.19 (121.37)   0.09 ( 2.72)
 0.80    3.60 (120.66)   0.09 ( 2.04)
 1.00    2.84 (93.95)    0.09 ( 1.92)  **
 1.40    2.07 (66.94)    0.09 ( 1.79)
 2.00    1.60 (49.74)    0.09 ( 1.71)
 5.00    1.08 (40.69)    0.09 ( 1.93)
 9.00    0.97 (34.17)    0.09 ( 1.92)

Xs: type 0 + delete(-2~3 + spike)
kmix	GC1(/meanGC0)	GC0(/meanGC0)
Volt:    1.27 (39.62)    0.06 ( 1.36)  **
ST:      0.85 ( 7.82)    0.10 ( 1.26)
-9.00    0.76 ( 6.36)    0.10 ( 1.24)
-5.00    0.71 ( 5.27)    0.10 ( 1.20)
-2.50    0.65 ( 4.49)    0.10 ( 1.18)
-1.50    0.72 ( 4.82)    0.11 ( 1.19)
-1.00    1.01 ( 5.52)    0.12 ( 1.41)
-0.70    1.66 ( 7.68)    0.13 ( 1.37)
-0.50    2.90 (11.57)    0.15 ( 1.30)
-0.30    6.44 (20.02)    0.18 ( 1.33)
-0.20    9.87 (27.77)    0.23 ( 1.56)
-0.10   10.64 (41.88)    0.69 ( 3.27)
 0.00    0.64 ( 9.37)    2.60 (38.75)
 0.10   10.36 (233.47)   0.98 (22.09)
 0.20   13.09 (294.14)   0.18 ( 4.97)
 0.30   10.55 (237.51)   0.09 ( 3.05)
 0.40    8.02 (180.79)   0.08 ( 2.68)
 0.50    6.25 (158.11)   0.08 ( 2.69)
 0.60    5.04 (145.60)   0.08 ( 2.81)
 0.70    4.20 (121.46)   0.09 ( 2.71)
 0.80    3.61 (104.15)   0.09 ( 2.63)
 1.00    2.84 (93.80)    0.09 ( 1.88)  **
 1.40    2.07 (66.75)    0.09 ( 1.77)
 2.00    1.59 (49.59)    0.09 ( 1.69)
 5.00    1.08 (40.56)    0.09 ( 1.93)
 9.00    0.97 (34.10)    0.09 ( 1.92)


net:net_2_2, sc:0.010, pr:0.38, ps:0.0200, time:1.00e+06,stv:0.50,len:2.00e+06
ISI: 37.404     35.015
Volt:    0.21 ( 3.49)    0.16 ( 1.52)
ST:      4.19 (20.03)    0.14 ( 1.28)
-9.00    3.93 (18.86)    0.14 ( 1.28)
-5.00    3.74 (18.00)    0.15 ( 1.28)
-2.50    3.36 (15.29)    0.17 ( 1.32)
-1.50    2.98 (13.66)    0.17 ( 1.32)
-1.00    2.68 (11.35)    0.18 ( 1.35)
-0.70    2.58 (10.77)    0.18 ( 1.42)
-0.50    2.91 ( 9.90)    0.19 ( 1.38)
-0.30    5.26 (12.93)    0.16 ( 1.35)
-0.20   10.06 (21.97)    0.15 ( 1.32)
-0.10   18.97 (87.12)    0.99 ( 4.76)
 0.00    2.19 (46.90)   12.97 (285.69)
 0.10   25.42 (462.87)   1.78 (31.67)
 0.20   25.36 (196.36)   0.23 ( 2.44)
 0.30   18.83 (135.73)   0.17 ( 1.78)
 0.40   14.61 (87.04)    0.15 ( 1.60)
 0.50   12.06 (71.99)    0.15 ( 1.51)
 0.60   10.42 (62.35)    0.14 ( 1.46)
 0.70    9.30 (54.17)    0.14 ( 1.41)
 0.80    8.51 (48.23)    0.14 ( 1.37)
 1.00    7.45 (39.18)    0.14 ( 1.28)
 1.40    6.36 (33.55)    0.14 ( 1.26)
 2.00    5.61 (26.52)    0.14 ( 1.28)
 5.00    4.71 (22.39)    0.14 ( 1.28)
 9.00    4.47 (21.30)    0.14 ( 1.28)
(different seed)
ISI: 37.435     34.898
Volt:    0.27 ( 3.81)   -0.07 ( 0.78)
ST:      4.75 (22.64)   -0.01 ( 0.84)
-9.00    4.46 (21.31)   -0.01 ( 0.84)
-5.00    4.24 (20.31)   -0.01 ( 0.84)
-2.50    3.80 (17.54)   -0.01 ( 0.83)
-1.50    3.32 (14.60)    0.00 ( 0.83)
-1.00    2.89 (12.62)    0.01 ( 0.83)
-0.70    2.62 (10.07)    0.02 ( 1.00)
-0.50    2.70 ( 9.84)    0.02 ( 0.96)
-0.30    4.57 (11.43)   -0.01 ( 1.02)
-0.20    8.94 (19.01)    0.05 ( 1.06)
-0.10   17.53 (77.24)    1.35 ( 6.36)
 0.00    2.65 (54.84)   13.71 (302.64)
 0.10   26.16 (476.42)   1.95 (34.77)
 0.20   26.50 (196.97)   0.20 ( 2.24)
 0.30   20.02 (134.24)   0.07 ( 1.35)
 0.40   15.75 (102.40)   0.02 ( 1.07)
 0.50   13.13 (80.36)    0.00 ( 0.87)
 0.60   11.43 (62.63)   -0.01 ( 0.89)
 0.70   10.27 (56.35)   -0.01 ( 0.85)
 0.80    9.43 (51.82)   -0.02 ( 0.82)
 1.00    8.31 (42.47)   -0.02 ( 0.91)
 1.40    7.14 (36.61)   -0.02 ( 0.89)
 2.00    6.34 (32.60)   -0.02 ( 0.87)
 5.00    5.34 (26.45)   -0.02 ( 0.85)
 9.00    5.07 (24.08)   -0.02 ( 0.84)


net:net_2_2, sc:0.010, pr:0.50, ps:0.0200, time:1.00e+06,stv:0.50,len:2.00e+06
ISI: 23.097      21.68
Volt:    0.53 ( 6.01)   -0.00 ( 0.97)
ST:      5.78 (31.40)    0.01 ( 0.97)
-9.00    5.45 (29.69)    0.01 ( 0.97)
-5.00    5.21 (27.73)    0.01 ( 0.98)
-2.50    4.70 (24.56)    0.01 ( 0.97)
-1.50    4.13 (20.69)    0.01 ( 1.04)
-1.00    3.58 (16.21)    0.02 ( 1.16)
-0.70    3.13 (14.23)    0.03 ( 1.20)
-0.50    2.96 (11.45)    0.05 ( 1.12)
-0.30    4.18 (10.91)    0.08 ( 1.15)
-0.20    8.14 (17.43)    0.18 ( 1.38)
-0.10   18.07 (95.84)    1.95 (10.68)
 0.00    2.19 (42.25)   22.85 (456.24)
 0.10   28.10 (375.58)   3.53 (48.57)
 0.20   29.12 (254.05)   0.46 ( 5.15)
 0.30   21.86 (175.64)   0.23 ( 2.82)
 0.40   17.29 (128.70)   0.15 ( 2.13)
 0.50   14.53 (104.43)   0.10 ( 1.72)
 0.60   12.77 (85.81)    0.08 ( 1.44)
 0.70   11.56 (77.76)    0.06 ( 1.33)
 0.80   10.69 (71.98)    0.05 ( 1.25)
 1.00    9.54 (60.37)    0.04 ( 1.16)
 1.40    8.32 (48.39)    0.03 ( 1.09)
 2.00    7.47 (43.57)    0.02 ( 1.05)
 5.00    6.41 (35.67)    0.01 ( 1.02)
 9.00    6.12 (34.11)    0.01 ( 1.01)


net:net_2_2, sc:0.010, pr:1.70, ps:0.0200, time:1.00e+06,stv:0.50,len:2.00e+06
ISI: 6.1511     5.9353
Volt:    1.48 (17.55)   -0.01 ( 0.84)
ST:      3.31 (28.53)    0.02 ( 1.29)
-9.00    3.16 (27.33)    0.02 ( 1.27)
-5.00    3.05 (25.43)    0.02 ( 1.22)
-2.50    2.83 (23.59)    0.02 ( 1.21)
-1.50    2.55 (20.61)    0.02 ( 1.28)
-1.00    2.27 (24.92)    0.02 ( 1.44)
-0.70    1.99 (17.50)    0.03 ( 1.35)
-0.50    1.73 (10.68)    0.02 ( 1.23)
-0.30    2.01 (10.62)    0.02 ( 1.19)
-0.20    3.30 (22.18)    0.16 ( 2.27)
-0.10    3.06 (19.29)    3.03 (19.52)
 0.00    1.12 ( 7.61)   13.12 (80.79)
 0.10    2.89 (14.89)    7.26 (36.37)
 0.20   10.23 (56.10)    1.67 (10.27)
 0.30   10.18 (97.29)    0.63 ( 7.30)
 0.40    8.32 (76.74)    0.36 ( 4.47)
 0.50    7.11 (84.81)    0.24 ( 3.81)
 0.60    6.34 (75.65)    0.17 ( 2.95)
 0.70    5.81 (65.65)    0.14 ( 2.44)
 0.80    5.43 (55.33)    0.11 ( 2.25)
 1.00    4.93 (45.91)    0.08 ( 1.87)
 1.40    4.41 (41.10)    0.06 ( 1.63)
 2.00    4.04 (36.15)    0.04 ( 1.50)
 5.00    3.58 (30.84)    0.03 ( 1.34)
 9.00    3.46 (29.79)    0.03 ( 1.32)



net:net_2_2, sc:0.010, pr:0.24, ps:0.0200, time:1.00e+06,stv:0.50,len:2.00e+06
ISI: 128.45     122.23
Volt:    1.35 (44.62)    0.04 ( 2.14)
ST:      1.37 (11.43)   -0.07 ( 0.83)
 0.30   11.50 (254.19)  -0.03 ( 1.24)
 0.40    8.87 (195.55)  -0.04 ( 1.06)
 0.50    7.03 (198.60)  -0.05 ( 1.02)
 0.60    5.80 (162.83)  -0.07 ( 1.03)
 0.80    4.33 (139.55)  -0.07 ( 1.25)
 1.00    3.52 (111.73)  -0.07 ( 1.26)
 1.40    2.71 (83.38)   -0.07 ( 1.28)
 2.00    2.20 (65.16)   -0.07 ( 1.28)
 5.00    1.64 (57.09)   -0.07 ( 0.97)
net:net_2_2, sc:0.010, pr:0.38, ps:0.0200, time:1.00e+06,stv:0.50,len:2.00e+06
ISI: 37.249     34.969
Volt:    0.26 ( 3.30)    0.06 ( 1.09)
ST:      4.87 (24.20)   -0.03 ( 0.96)
 0.30   20.57 (142.76)   0.14 ( 2.04)
 0.40   16.20 (102.18)   0.07 ( 1.54)
 0.50   13.51 (78.17)    0.04 ( 1.24)
 0.60   11.77 (68.21)    0.01 ( 1.14)
 0.80    9.71 (52.07)   -0.01 ( 0.97)
 1.00    8.56 (43.73)   -0.02 ( 1.00)
 1.40    7.35 (37.69)   -0.03 ( 0.96)
 2.00    6.52 (33.57)   -0.03 ( 0.94)
 5.00    5.48 (27.05)   -0.04 ( 0.96)
net:net_2_2, sc:0.010, pr:0.50, ps:0.0200, time:1.00e+06,stv:0.50,len:2.00e+06
ISI: 23.083     21.533
Volt:    0.32 ( 4.62)    0.02 ( 0.67)
ST:      5.12 (27.97)   -0.10 ( 0.66)
 0.30   20.96 (162.12)   0.10 ( 2.37)
 0.40   16.40 (122.38)   0.02 ( 1.66)
 0.50   13.69 (95.32)   -0.02 ( 1.32)
 0.60   11.96 (83.40)   -0.05 ( 1.15)
 0.80    9.92 (62.96)   -0.07 ( 0.92)
 1.00    8.80 (54.32)   -0.08 ( 0.85)
 1.40    7.60 (47.11)   -0.09 ( 0.79)
 2.00    6.78 (40.90)   -0.10 ( 0.77)
 5.00    5.74 (31.23)   -0.10 ( 0.67)
net:net_2_2, sc:0.010, pr:1.70, ps:0.0200, time:1.00e+06,stv:0.50,len:2.00e+06
ISI: 6.1578     5.9329
Volt:    1.92 (22.18)    0.02 ( 1.05)
ST:      4.19 (34.15)   -0.04 ( 0.82)
 0.30   11.55 (110.34)   0.46 ( 5.95)
 0.40    9.64 (88.29)    0.24 ( 3.60)
 0.50    8.37 (99.18)    0.14 ( 2.84)
 0.60    7.55 (89.61)    0.08 ( 2.11)
 0.80    6.58 (63.44)    0.02 ( 1.59)
 1.00    6.04 (55.60)    0.00 ( 1.39)
 1.40    5.45 (50.29)   -0.02 ( 1.19)
 2.00    5.04 (44.56)   -0.03 ( 1.03)
 5.00    4.51 (39.94)   -0.04 ( 0.92)


net:net_2_2, sc:0.010, pr:0.45, ps:0.0120, time:1.00e+06,stv:0.50,len:2.00e+06
ISI: 111.97     103.18
Volt:    0.97 (31.16)   -0.03 ( 1.40)
ST:      2.41 (11.23)    0.04 ( 0.98)
 0.30   15.35 (339.41)   0.08 ( 2.75)
 0.40   11.51 (284.02)   0.05 ( 2.50)
 0.50    9.15 (253.97)   0.04 ( 2.16)
 0.60    7.66 (244.16)   0.04 ( 1.99)
 0.80    5.93 (183.61)   0.04 ( 1.86)
 1.00    5.01 (150.74)   0.03 ( 1.80)
 1.40    4.07 (117.22)   0.03 ( 1.75)
 2.00    3.47 (17.37)    0.03 ( 1.05)
 5.00    2.77 (12.77)    0.04 ( 0.99)
net:net_2_2, sc:0.010, pr:0.60, ps:0.0120, time:1.00e+06,stv:0.50,len:2.00e+06
ISI: 43.9     40.624
Volt:    0.67 ( 5.72)   -0.02 ( 1.01)
ST:      6.07 (23.63)    0.01 ( 1.08)
 0.30   24.28 (125.62)   0.17 ( 1.94)
 0.40   18.82 (90.93)    0.11 ( 1.59)
 0.50   15.67 (72.47)    0.08 ( 1.42)
 0.60   13.68 (63.44)    0.07 ( 1.34)
 0.80   11.38 (50.69)    0.05 ( 1.25)
 1.00   10.11 (43.33)    0.04 ( 1.17)
 1.40    8.78 (37.79)    0.03 ( 1.13)
 2.00    7.87 (32.64)    0.02 ( 1.21)
 5.00    6.74 (26.59)    0.01 ( 1.11)
net:net_2_2, sc:0.010, pr:1.00, ps:0.0120, time:1.00e+06,stv:0.50,len:2.00e+06
ISI: 17.426     16.334
Volt:    1.54 (16.98)    0.01 ( 0.92)
ST:      8.90 (52.18)    0.04 ( 1.10)
 0.30   29.80 (249.62)   0.25 ( 2.94)
 0.40   23.66 (183.24)   0.16 ( 1.97)
 0.50   20.14 (150.53)   0.12 ( 1.54)
 0.60   17.92 (134.13)   0.09 ( 1.35)
 0.80   15.32 (103.49)   0.07 ( 1.15)
 1.00   13.86 (93.81)    0.06 ( 1.09)
 1.40   12.31 (83.43)    0.05 ( 1.05)
 2.00   11.21 (71.37)    0.05 ( 1.07)
 5.00    9.78 (60.67)    0.04 ( 1.17)
net:net_2_2, sc:0.010, pr:2.00, ps:0.0120, time:1.00e+06,stv:0.50,len:2.00e+06
ISI: 8.0919     7.7341
Volt:    1.90 (22.66)   -0.01 ( 1.06)
ST:      5.18 (36.83)   -0.08 ( 0.60)
 0.30   17.83 (133.00)   0.63 ( 5.98)
 0.40   13.81 (107.28)   0.35 ( 3.94)
 0.50   11.60 (111.71)   0.21 ( 3.37)
 0.60   10.26 (94.57)    0.13 ( 2.52)
 0.80    8.73 (65.75)    0.05 ( 1.55)
 1.00    7.90 (57.52)    0.01 ( 1.25)
 1.40    7.02 (51.26)   -0.02 ( 1.00)
 2.00    6.42 (46.95)   -0.04 ( 0.85)
 5.00    5.65 (40.04)   -0.07 ( 0.68)



net:net_2_2, sc:0.010, pr:1.20, ps:0.0050, time:1.00e+06,stv:0.50,len:2.00e+06
ISI: 102.18     93.747
Volt:    1.54 ( 9.59)   -0.04 ( 1.11)
ST:      6.77 (21.26)   -0.04 ( 1.01)
 0.30   24.95 (553.54)   0.02 ( 1.74)
 0.40   19.19 (540.22)  -0.01 ( 1.64)
 0.50   15.99 (59.16)   -0.02 ( 0.93)
 0.60   14.01 (50.13)   -0.03 ( 0.97)
 0.80   11.76 (40.79)   -0.03 ( 0.94)
 1.00   10.54 (34.00)   -0.04 ( 0.97)
 1.40    9.28 (30.05)   -0.04 ( 0.97)
 2.00    8.42 (26.20)   -0.04 ( 1.00)
 5.00    7.37 (23.07)   -0.04 ( 1.01)
net:net_2_2, sc:0.010, pr:1.50, ps:0.0050, time:1.00e+06,stv:0.50,len:2.00e+06
ISI: 41.754     38.349
Volt:    4.60 (25.84)   -0.00 ( 0.96)
ST:     15.03 (46.50)    0.09 ( 1.24)
 0.30   41.12 (159.12)   0.19 ( 1.57)
 0.40   33.27 (121.95)   0.14 ( 1.29)
 0.50   28.90 (98.94)    0.12 ( 1.17)
 0.60   26.16 (89.66)    0.11 ( 1.13)
 0.80   22.96 (78.83)    0.10 ( 1.10)
 1.00   21.16 (72.77)    0.09 ( 1.08)
 1.40   19.24 (66.26)    0.09 ( 1.08)
 2.00   17.88 (57.76)    0.09 ( 1.14)
 5.00   16.12 (51.34)    0.08 ( 1.12)
net:net_2_2, sc:0.010, pr:2.50, ps:0.0050, time:1.00e+06,stv:0.50,len:2.00e+06
ISI: 16.108     15.095
Volt:    3.37 (24.93)    0.08 ( 1.55)
ST:     10.96 (65.31)   -0.03 ( 1.13)
 0.30   34.94 (171.35)   0.26 ( 2.64)
 0.40   27.40 (131.52)   0.12 ( 1.86)
 0.50   23.34 (112.22)   0.06 ( 1.58)
 0.60   20.84 (100.33)   0.03 ( 1.43)
 0.80   17.96 (86.59)   -0.00 ( 1.29)
 1.00   16.36 (80.88)   -0.01 ( 1.27)
 1.40   14.66 (95.05)   -0.02 ( 1.10)
 2.00   13.46 (84.78)   -0.03 ( 1.16)
 5.00   11.91 (73.00)   -0.03 ( 1.12)
net:net_2_2, sc:0.010, pr:5.00, ps:0.0050, time:1.00e+06,stv:0.50,len:2.00e+06
ISI: 7.6852     7.3551
Volt:    5.36 (44.14)    0.03 ( 1.33)
ST:      9.03 (61.04)   -0.07 ( 0.68)
 0.30   23.06 (140.06)   0.56 ( 4.45)
 0.40   18.43 (136.98)   0.24 ( 2.79)
 0.50   16.02 (124.24)   0.11 ( 1.93)
 0.60   14.57 (117.61)   0.04 ( 1.52)
 0.80   12.92 (90.24)   -0.01 ( 1.03)
 1.00   12.02 (83.97)   -0.03 ( 0.88)
 1.40   11.07 (77.33)   -0.05 ( 0.75)
 2.00   10.40 (70.36)   -0.06 ( 0.73)
 5.00    9.55 (64.58)   -0.07 ( 0.69)

