   1.3780
   1.6288
   1.8065
   1.9513
   2.0763
   2.1879
   2.2896
   2.3836
   2.4715
   2.5542
   2.6327
   2.7074
   2.7789
   2.8476
   2.9137
   2.9776
   3.0394
   3.0993
   3.1575
   3.2141
   3.2693
   3.3232
   3.3758
   3.4272
   3.4775
   3.5268
   3.5751
   3.6225
   3.6691
   3.7148
   3.7598
   3.8040
   3.8475
   3.8903
   3.9325
   3.9741
   4.0151
   4.0555
   4.0954
   4.1348
   4.1737
   4.2121
   4.2500
   4.2875
   4.3245
   4.3611
   4.3974
   4.4332
   4.4686
   4.5037
   4.5385
   4.5728
   4.6069
   4.6406
   4.6740
   4.7071
   4.7399
   4.7724
   4.8047
   4.8366
   4.8683
   4.8997
   4.9309
   4.9618
   4.9924
   5.0229
   5.0531
   5.0830
   5.1128
   5.1423
   5.1716
   5.2007
   5.2296
   5.2583
   5.2868
   5.3151
   5.3432
   5.3712
   5.3989
   5.4265
   5.4539
   5.4811
   5.5082
   5.5351
   5.5618
   5.5884
   5.6148
   5.6411
   5.6672
   5.6932
   5.7190
   5.7447
   5.7703
   5.7957
   5.8209
   5.8461
   5.8711
   5.8959
   5.9207
