   1.6890
   1.9597
   2.1538
   2.3131
   2.4512
   2.5748
   2.6878
   2.7924
   2.8902
   2.9825
   3.0700
   3.1535
   3.2334
   3.3102
   3.3841
   3.4556
   3.5248
   3.5919
   3.6571
   3.7206
   3.7825
   3.8428
   3.9018
   3.9595
   4.0159
   4.0712
   4.1254
   4.1787
   4.2309
   4.2822
   4.3327
   4.3823
   4.4312
   4.4793
   4.5267
   4.5734
   4.6195
   4.6649
   4.7097
   4.7539
   4.7976
   4.8407
   4.8834
   4.9255
   4.9671
   5.0083
   5.0490
   5.0893
   5.1291
   5.1686
   5.2076
   5.2463
   5.2845
   5.3225
   5.3600
   5.3972
   5.4341
   5.4707
   5.5069
   5.5428
   5.5785
   5.6138
   5.6488
   5.6836
   5.7181
   5.7523
   5.7863
   5.8200
   5.8534
   5.8867
   5.9196
   5.9524
   5.9849
   6.0172
   6.0492
   6.0811
   6.1127
   6.1441
   6.1754
   6.2064
   6.2372
   6.2679
   6.2983
   6.3286
   6.3587
   6.3886
   6.4183
   6.4479
   6.4772
   6.5065
   6.5355
   6.5644
   6.5932
   6.6218
   6.6502
   6.6785
   6.7066
   6.7346
   6.7624
